Unit No	"Type (1,11)"	Weight(ton)	Len(ft)	Axles(n)	aRes	bRes	cRes	eInit(Mwh)	teMax (kips)	ptMax (kw)	catMax (kw)	batMax (kw)	auxMax (kw)	rbMax (kw)	dbMax (kw)
1	2	234.8	72.7	6	112.97577351114741	0.02749763807255962	0.002389911894831982	199.97	99.5	2291.73	0	0	2481.07	0	2454.9
2	2	195.6	68.8	6	113.40960937654258	0.03245628228501251	0.002260443706880056	223.01	108.7	2219.3	0	0	2479.89	0	2513.7
3	11	23.3	3.8	4	170.73174135508987	0.041028436102124845	0.00045075541520091375	0	0	0	0	0	0	0	0
4	11	24.4	4.1	4	154.39398469981234	0.047937188718279046	0.0005320505687354415	0	0	0	0	0	0	0	0
5	11	104.7	4	4	173.38430994148578	0.04503186420035396	0.0004958084863083952	0	0	0	0	0	0	0	0
6	12	130.5	4.1	4	111.51671153605113	0.04748748617933761	0.0004613203833356145	0	0	0	0	0	0	0	0
7	12	143.4	3.8	4	103.90657461985758	0.04627647368052279	0.0005305990954321646	0	0	0	0	0	0	0	0
8	11	21.7	4.1	4	175.52693469756346	0.041212323953739374	0.00046860798224389533	0	0	0	0	0	0	0	0
9	12	32.2	4.1	4	114.74077168206519	0.04905889254383589	0.0005150078657831852	0	0	0	0	0	0	0	0
10	11	113.4	3.9	4	166.56655397011772	0.04309713525585085	0.0004639441243381116	0	0	0	0	0	0	0	0
11	11	100.5	4.2	4	173.52956536157944	0.04094435088552254	0.000543241144125285	0	0	0	0	0	0	0	0
12	11	117.2	4.3	4	163.92431678838946	0.043849846020381784	0.0004501520365101764	0	0	0	0	0	0	0	0
13	12	155.4	4.4	4	113.51776735815258	0.04400115921435274	0.0004561620352533488	0	0	0	0	0	0	0	0
14	11	22.8	3.7	4	166.52979324973668	0.047516106349504844	0.0004872642212990053	0	0	0	0	0	0	0	0
15	12	153.7	4.1	4	107.50074920829842	0.04162855747088474	0.0004610986231000269	0	0	0	0	0	0	0	0
16	12	143.4	3.7	4	113.24917116448972	0.04637819119164174	0.0005275102983554933	0	0	0	0	0	0	0	0
17	11	23.7	3.7	4	146.50645442921603	0.041490918433669845	0.0004856214617963987	0	0	0	0	0	0	0	0
18	12	151.1	3.8	4	103.55963550651185	0.04678067739439147	0.0005465363241433424	0	0	0	0	0	0	0	0
19	11	21.8	4.2	4	164.99137465284707	0.04415933585991378	0.0005170302221860352	0	0	0	0	0	0	0	0
20	11	118.1	4	4	147.90202167628823	0.04569796987773566	0.00045641748451803944	0	0	0	0	0	0	0	0
21	11	120.4	3.7	4	167.7000113345838	0.04522223282721787	0.00045477074744822317	0	0	0	0	0	0	0	0
22	11	108.4	3.9	4	164.43950679279112	0.04284647943109813	0.0005147589870758291	0	0	0	0	0	0	0	0
23	13	23.2	4.1	4	108.46829938721172	0.0436126371245323	0.0004078556468439302	0	0	0	0	0	0	0	0
24	11	101.7	4.2	4	152.40797661213796	0.04088539695931844	0.0004520214656054782	0	0	0	0	0	0	0	0
25	11	120.9	4.2	4	160.97238052431186	0.0465787018679151	0.0004798109474984026	0	0	0	0	0	0	0	0
26	13	21.7	3.8	4	112.86375716392111	0.046186217946328975	0.0004404907919571683	0	0	0	0	0	0	0	0
27	13	138.8	3.7	4	94.83302973454933	0.04874647371739144	0.00045855292344464555	0	0	0	0	0	0	0	0
28	11	20.4	4.1	4	160.03924531117406	0.044360614987026814	0.0005369772877717474	0	0	0	0	0	0	0	0
29	11	112.4	4.1	4	161.2994167518264	0.04814062080483421	0.00050618178676595	0	0	0	0	0	0	0	0
30	14	145.4	3.7	4	108.36509953178279	0.041503623881455495	0.0004563773859052836	0	0	0	0	0	0	0	0
31	14	38.6	4.4	4	108.22289987498611	0.04940804153299532	0.0004806733397187124	0	0	0	0	0	0	0	0
32	11	102.5	4.2	4	160.7986167530274	0.04195842670038651	0.00046084926306148226	0	0	0	0	0	0	0	0
33	11	22.3	4.3	4	159.72760845395993	0.042747431303798725	0.0004929003004708284	0	0	0	0	0	0	0	0
34	11	20.6	3.6	4	154.17050073763076	0.04371770134928493	0.0005452952089615871	0	0	0	0	0	0	0	0
35	11	107.9	4.1	4	170.2116075435923	0.04292684945568118	0.00047270456396229625	0	0	0	0	0	0	0	0
36	11	103	4.2	4	157.85112874626822	0.043052065451592396	0.0004896655629175747	0	0	0	0	0	0	0	0
37	11	119.4	4.4	4	157.09500211917793	0.04065465927971928	0.0004634490593872576	0	0	0	0	0	0	0	0
38	11	24.2	3.9	4	165.15519097761768	0.04308113332894638	0.0004748611260872796	0	0	0	0	0	0	0	0
39	11	106.6	4.3	4	155.64960368580967	0.04796341925966964	0.0005201386666098523	0	0	0	0	0	0	0	0
40	13	20	4.1	4	108.96529357241029	0.041400630754898075	0.00042614143476866687	0	0	0	0	0	0	0	0
41	12	32.5	4	4	109.50772207889926	0.045988644092198425	0.0005218298104879474	0	0	0	0	0	0	0	0
42	11	21.1	4.3	4	175.3352677817041	0.04556536933929658	0.0004696576617036448	0	0	0	0	0	0	0	0
43	12	33.4	4.3	4	104.66494782493393	0.0432495341467985	0.000503080157743081	0	0	0	0	0	0	0	0
44	12	139.4	4.1	4	100.44609829955462	0.048033066048876985	0.0004694982292887153	0	0	0	0	0	0	0	0
45	11	24.5	3.6	4	159.88508695445384	0.04917365910272604	0.00047240842196368774	0	0	0	0	0	0	0	0
46	12	30	3.8	4	111.13109420518214	0.0477148554173439	0.0005384616209454225	0	0	0	0	0	0	0	0
47	11	21.3	4.1	4	147.90002175486265	0.04655166843059671	0.0005223983008699278	0	0	0	0	0	0	0	0
48	11	100.3	4	4	168.09895755659656	0.045167327164602804	0.0005448366021857352	0	0	0	0	0	0	0	0
49	13	148.3	3.8	4	99.24539583936674	0.04171248863686998	0.0004086368696714568	0	0	0	0	0	0	0	0
50	11	106.3	4.3	4	167.82739968581367	0.04402937357452408	0.000468986123908472	0	0	0	0	0	0	0	0
51	11	108.6	4.3	4	161.93962731564545	0.04339562592751035	0.0005096220053201945	0	0	0	0	0	0	0	0
52	13	21	3.7	4	109.9377292610668	0.04293731305417453	0.0004511706661447262	0	0	0	0	0	0	0	0
53	2	232.1	73.3	6	125.46628880165339	0.029004756786209653	0.00254278267582548	222.14	103.6	2052.75	0	0	2197.9	0	2745.6
54	2	198.5	81.4	6	108.7878488714124	0.030419494821148987	0.002395097678324639	209.35	113.2	2163.47	0	0	2589	0	2732.9
