Unit No	"Type (1,11)"	Weight(ton)	Len(ft)	Axles(n)	aRes	bRes	cRes	eInit(Mwh)	teMax (kips)	ptMax (kw)	catMax (kw)	batMax (kw)	auxMax (kw)	rbMax (kw)	dbMax (kw)
1	1	224.8	78.2	6	129.0332745045595	0.029811904150516527	0.0024238621211324996	188.32	109.4	2307.64	0	0	2205.86	0	2704.5
2	1	205.1	72.5	6	113.14430253495799	0.030310572296090337	0.0023575668321066975	199.05	97.5	2441.17	0	0	2261.6	0	2443.3
3	1	227.2	68.1	6	117.00007305393416	0.03243257330543634	0.002635471565564383	222.65	104.5	2318.94	0	0	2280.65	0	2593.6
4	11	20.6	3.6	4	170.7976356500298	0.048996859522055874	0.0004552749317893245	0	0	0	0	0	0	0	0
5	12	133.6	4.4	4	96.53094326067732	0.04545569278144063	0.0005194119499659226	0	0	0	0	0	0	0	0
6	12	154.2	3.6	4	100.2136697437447	0.04273162583787913	0.0005049968536694456	0	0	0	0	0	0	0	0
7	11	109.5	3.9	4	145.78008866465672	0.041397756109401086	0.0004572636380712824	0	0	0	0	0	0	0	0
8	12	35.2	3.7	4	110.26708540527851	0.04576424467889944	0.000531840532705584	0	0	0	0	0	0	0	0
9	12	35.8	3.9	4	111.80875085417219	0.047383215701317996	0.0004784842057301253	0	0	0	0	0	0	0	0
10	11	118	4.1	4	147.53967795863093	0.04392103918676487	0.0005270648828539882	0	0	0	0	0	0	0	0
11	12	150.6	3.8	4	104.02441985946395	0.040730306717917095	0.0004718649763785852	0	0	0	0	0	0	0	0
12	11	111.2	4.2	4	161.32127986798207	0.045474418780773254	0.0005385534985922222	0	0	0	0	0	0	0	0
13	11	117.1	4.4	4	172.11728472345868	0.0457409434259125	0.00047146358501333604	0	0	0	0	0	0	0	0
14	11	109.7	3.7	4	170.50453110883637	0.04590839407979594	0.0004606608166973697	0	0	0	0	0	0	0	0
15	12	150.8	4.1	4	107.67110370294924	0.04519529341385393	0.00047126460066533317	0	0	0	0	0	0	0	0
16	12	136.7	3.7	4	106.76185273263286	0.04803172815534199	0.0004825056521386775	0	0	0	0	0	0	0	0
17	11	114.4	3.7	4	161.6000379755653	0.04224688286263627	0.0005030931839048675	0	0	0	0	0	0	0	0
18	12	138.9	4	4	97.267821558068	0.041219585335913245	0.00048517502361507844	0	0	0	0	0	0	0	0
19	11	108.7	3.9	4	156.38771974963402	0.049130151490891796	0.00047826835410025493	0	0	0	0	0	0	0	0
20	11	109.7	4	4	167.08863049691456	0.04642899758413858	0.0005293348772313752	0	0	0	0	0	0	0	0
21	11	116.1	4.3	4	146.50876939435904	0.04188380651595299	0.0005115643830282919	0	0	0	0	0	0	0	0
22	11	114.3	3.7	4	175.59319683773893	0.04449296685934576	0.0004763419577723532	0	0	0	0	0	0	0	0
23	13	152.4	4.3	4	106.37464794938053	0.04798767571623268	0.00042575140621050787	0	0	0	0	0	0	0	0
24	11	110.6	3.9	4	153.3923494003455	0.048489088852399345	0.0005063547737782425	0	0	0	0	0	0	0	0
25	11	102.1	4.3	4	171.18897300971003	0.047133614291009214	0.0004680122387072843	0	0	0	0	0	0	0	0
26	13	152.1	4	4	101.8984151812192	0.040704719536181454	0.00039077932959477113	0	0	0	0	0	0	0	0
27	13	129.7	3.7	4	97.77166068617994	0.04865307406752759	0.00044859646260979726	0	0	0	0	0	0	0	0
28	11	22.2	3.8	4	154.61292832517532	0.04842779973696206	0.0005348326537543578	0	0	0	0	0	0	0	0
29	11	119.6	3.8	4	167.0851695880192	0.0431718363157239	0.0005137611941091469	0	0	0	0	0	0	0	0
30	14	151.7	3.9	4	116.10215914894897	0.043612658002746565	0.0005422604288436757	0	0	0	0	0	0	0	0
31	14	133	4	4	103.9436030630141	0.0432088142179728	0.0005069164696756125	0	0	0	0	0	0	0	0
32	11	115.5	3.9	4	170.95810938013386	0.0443767138771001	0.00053533310036204	0	0	0	0	0	0	0	0
33	11	22.7	3.8	4	172.54356356382246	0.04122181281704249	0.0004744674854056878	0	0	0	0	0	0	0	0
34	11	111.1	4	4	167.92940779124447	0.04072996614578738	0.00045833135446168936	0	0	0	0	0	0	0	0
35	11	104.2	3.6	4	146.88214244859805	0.04119425146386544	0.0004637454074552839	0	0	0	0	0	0	0	0
36	11	103.8	3.6	4	161.6768220432279	0.041967369711897566	0.0005051245542668224	0	0	0	0	0	0	0	0
37	11	22.2	3.9	4	152.35833847809363	0.04077517796856795	0.0004949196914988509	0	0	0	0	0	0	0	0
38	11	116.8	3.7	4	171.78640893204124	0.04412303646168079	0.0005026095896320079	0	0	0	0	0	0	0	0
39	11	113.7	3.8	4	145.32715762051578	0.04589371293306525	0.0005290999718289915	0	0	0	0	0	0	0	0
40	11	120.8	4.1	4	163.96150389962145	0.04651832919632577	0.00046906348319418256	0	0	0	0	0	0	0	0
41	11	109.2	3.7	4	149.7634702159853	0.040516543040191456	0.0004898061223177535	0	0	0	0	0	0	0	0
42	11	114.1	4.4	4	154.67799392009618	0.044826983496074786	0.0004891259294944011	0	0	0	0	0	0	0	0
43	12	152.2	4	4	99.45578743277493	0.04440838932929114	0.0004916222369166985	0	0	0	0	0	0	0	0
44	12	130.8	4.1	4	109.79927351307305	0.047415715338988466	0.0004940056893856994	0	0	0	0	0	0	0	0
45	11	21.5	3.7	4	149.53957340704363	0.045237849841833745	0.000543107510710789	0	0	0	0	0	0	0	0
46	12	149.8	4.3	4	112.06649468579721	0.04821440275340133	0.0005021088243210983	0	0	0	0	0	0	0	0
47	11	103.4	3.7	4	165.22435359209706	0.048342795641073646	0.0004964435137757133	0	0	0	0	0	0	0	0
48	11	104	3.8	4	145.05484359953175	0.04460134294804381	0.00045322223949373694	0	0	0	0	0	0	0	0
49	11	114.7	3.9	4	166.50671563110077	0.04641540963794647	0.0004984673830546439	0	0	0	0	0	0	0	0
50	11	23	3.9	4	160.34213327512526	0.044116248842471964	0.0005282365802259524	0	0	0	0	0	0	0	0
51	1	199.9	67.9	6	120.37960182531799	0.03239629139048923	0.0023261275645670245	190.5	116.6	2556.46	0	0	2592.91	0	2526.9
52	1	198.3	73.7	6	115.29061883407016	0.027240858292383447	0.0025017320137367014	185.57	111.5	2379.71	0	0	2210.23	0	2498.9
53	1	234	73.8	6	108.84749490169109	0.030530507312166204	0.0022449862987780956	188.7	114.9	2550.4	0	0	2643.03	0	2293.6
54	12	32.5	3.9	4	98.14013559936674	0.04319308406414396	0.0005249331613143396	0	0	0	0	0	0	0	0
55	11	110.2	3.7	4	172.27191620407814	0.04323264271188382	0.00048086203495795475	0	0	0	0	0	0	0	0
56	11	107.3	4.1	4	168.80274250778137	0.04460443957062786	0.0004648259281978645	0	0	0	0	0	0	0	0
57	13	21.3	4.2	4	110.371219153034	0.041795243480521826	0.00038739087637717226	0	0	0	0	0	0	0	0
58	11	108.1	3.7	4	167.39583195228022	0.04370678810986208	0.00047075533004052177	0	0	0	0	0	0	0	0
59	11	113.9	3.9	4	162.4793322677558	0.04464652116669534	0.0004869600836734489	0	0	0	0	0	0	0	0
60	13	20.2	4.3	4	114.79257560152152	0.04324558578138769	0.0003984214695425322	0	0	0	0	0	0	0	0
61	13	142.7	3.9	4	112.34752906684236	0.04435462317837061	0.00043262863065961075	0	0	0	0	0	0	0	0
62	11	99.7	4.2	4	168.9608011474902	0.04275385370148586	0.0005342711279070531	0	0	0	0	0	0	0	0
63	11	119.2	4.2	4	163.37510651442517	0.04902914374620774	0.00045609734756739433	0	0	0	0	0	0	0	0
64	14	150.7	4	4	120.65458136051352	0.04650506943580023	0.0004990055726143938	0	0	0	0	0	0	0	0
65	14	139.9	3.9	4	109.74013359207974	0.04334406672575978	0.0005470644947332618	0	0	0	0	0	0	0	0
66	11	111.2	4.2	4	175.02071697099348	0.04700952065010294	0.000496668569795975	0	0	0	0	0	0	0	0
67	11	21.9	3.8	4	164.6773802757512	0.04180951360823495	0.0005220945533153743	0	0	0	0	0	0	0	0
68	11	114	4.3	4	174.1852506369321	0.04499104375206203	0.00047458004273577493	0	0	0	0	0	0	0	0
69	11	24.7	3.7	4	145.6399676239642	0.0452545555358406	0.0004714625827173888	0	0	0	0	0	0	0	0
70	11	116.2	3.6	4	153.28209333423905	0.041353417791164054	0.0005268161038985809	0	0	0	0	0	0	0	0
71	11	120.5	4.4	4	166.94707094272073	0.04300716594189589	0.0004710934527415226	0	0	0	0	0	0	0	0
72	11	102	4.2	4	144.2058832946017	0.04187739658852338	0.000496426851639981	0	0	0	0	0	0	0	0
73	11	22.9	4.1	4	161.7590670797904	0.0478674836663934	0.0005497769850572858	0	0	0	0	0	0	0	0
74	11	22.2	3.9	4	150.47541411518583	0.044836351493850075	0.0005458475073738141	0	0	0	0	0	0	0	0
75	11	23.7	4.2	4	162.90142566446121	0.04354914076761167	0.00045607990464568434	0	0	0	0	0	0	0	0
76	11	24.6	4.3	4	153.76173915080912	0.044115499213425	0.0005469538178709815	0	0	0	0	0	0	0	0
77	11	112.5	4.2	4	169.94381567949205	0.044486914058011515	0.000517131985991651	0	0	0	0	0	0	0	0
78	11	23.1	4.3	4	153.3381835041285	0.047847221458231705	0.0004996228702046291	0	0	0	0	0	0	0	0
79	11	22.4	3.7	4	151.13819779524627	0.041294274896320524	0.00047654105206622067	0	0	0	0	0	0	0	0
80	11	22.1	3.8	4	165.23035575052666	0.04591815215565853	0.0005249423442937984	0	0	0	0	0	0	0	0
81	12	145.4	4	4	112.32384454166076	0.04451331435537337	0.0005104082987825513	0	0	0	0	0	0	0	0
82	12	144.4	3.6	4	98.0573677293957	0.04537751187477314	0.0005297627674248545	0	0	0	0	0	0	0	0
83	11	112.7	4	4	171.69423872990396	0.047162674339627654	0.000489394115724793	0	0	0	0	0	0	0	0
84	12	35.7	3.6	4	108.4576497188815	0.04805212264619147	0.0004833624667603841	0	0	0	0	0	0	0	0
85	12	154.3	3.7	4	103.25539694900529	0.04424226308412595	0.00046636896739894073	0	0	0	0	0	0	0	0
86	11	20.5	3.9	4	146.11923653310788	0.04549088848487698	0.000470900342818601	0	0	0	0	0	0	0	0
87	11	112.4	4	4	158.75214036730188	0.0477213603396446	0.0004908874671281287	0	0	0	0	0	0	0	0
88	11	109.3	4.2	4	168.98673682548892	0.04656535004385905	0.0004643158354893337	0	0	0	0	0	0	0	0
89	11	113.5	3.8	4	148.5878465031737	0.04215260774559959	0.0004707999913320524	0	0	0	0	0	0	0	0
90	11	107.1	4.1	4	158.72428143616142	0.04748517067022954	0.0004923453492280419	0	0	0	0	0	0	0	0
91	11	101.5	4.1	4	158.461010593205	0.040599542611143805	0.0005414135028906726	0	0	0	0	0	0	0	0
92	11	23.2	3.6	4	144.80807120268696	0.04442979050091318	0.0004812178276529774	0	0	0	0	0	0	0	0
93	11	23.1	3.9	4	153.84568028256135	0.047415321975489096	0.0004666372069680587	0	0	0	0	0	0	0	0
94	11	114	4	4	171.26412741028471	0.04501039530674129	0.0004926382921753575	0	0	0	0	0	0	0	0
95	11	110.8	4	4	173.07544220881988	0.04836297788570951	0.00047358891580381624	0	0	0	0	0	0	0	0
96	11	22	4	4	169.15252810463983	0.047086244388183256	0.0004915775245876115	0	0	0	0	0	0	0	0
97	11	114.5	4.3	4	160.9387767755146	0.048084373897490866	0.0005107038640336339	0	0	0	0	0	0	0	0
98	11	111.9	3.7	4	151.26250881414845	0.043593300917275576	0.0005391845513004197	0	0	0	0	0	0	0	0
99	11	106.1	4.1	4	162.28245819710438	0.044979699625038436	0.0005343762522827318	0	0	0	0	0	0	0	0
100	12	128.9	4.3	4	113.17564218711296	0.04840451494242694	0.00048428464748109237	0	0	0	0	0	0	0	0
101	12	129.2	4.3	4	95.24248870665339	0.047184027221478755	0.0004643016184102927	0	0	0	0	0	0	0	0
102	11	21.7	3.9	4	154.78985948545497	0.04310214844130099	0.0005190979548238094	0	0	0	0	0	0	0	0
103	12	129.2	3.9	4	114.24478357765727	0.04162997129396503	0.0005203830136276419	0	0	0	0	0	0	0	0
104	11	105.9	4.3	4	166.57018552658232	0.0421073757402691	0.0004800280432555805	0	0	0	0	0	0	0	0
105	11	115.5	4	4	153.1014292829413	0.04686223167341481	0.0004946823425533807	0	0	0	0	0	0	0	0
106	11	20.5	3.9	4	155.14965559630022	0.04462536260171624	0.0005051601530502848	0	0	0	0	0	0	0	0
107	1	210.4	75.4	6	123.9711317050242	0.030163165812172307	0.0025208642366727034	187.05	113	2551.82	0	0	2419.7	0	2255.3
108	1	225.9	74.1	6	121.05174580188869	0.02914690859793883	0.0022186382820136245	188.82	112.5	2198.15	0	0	2411.14	0	2652.5
