Unit No	"Type (1,11)"	Weight(ton)	Len(ft)	Axles(n)	aRes	bRes	cRes	eInit(Mwh)	teMax (kips)	ptMax (kw)	catMax (kw)	batMax (kw)	auxMax (kw)	rbMax (kw)	dbMax (kw)
1	4	200.6	78.3	6	126.52986576308601	0.027715782937173056	0.0022607231962855886	1.01	97.6	3381.31	3493.7	1019.16	906.71	2565.2	2631.5
2	4	199.1	68.8	6	113.41407830790848	0.028527532411872187	0.0021940640812432217	1.06	117.1	3046.2	3267.04	1053.81	980.71	2309	2270.5
3	4	221.2	78.6	6	129.36812559344534	0.028352550246077246	0.002419497426230513	0.95	103.8	3063.6	3445.56	1059.4	1064.6	2496.1	2544.3
4	7	92	73.5	4	86.86145189651833	0.046143573974058445	0.00047332935924122415	1.1	46.5	0	0	1096.12	0	1014.9	0
5	7	98.5	81.3	4	95.36313554029914	0.049290545545753225	0.000455997739417591	1	46.3	0	0	955.33	0	1064.5	0
6	7	96	83	4	87.32412999826184	0.0446571408084261	0.000467794286883815	1.02	53.6	0	0	940.73	0	969	0
7	11	21.3	4.3	4	168.93541703604185	0.041772003200628814	0.0005048770522884866	0	0	0	0	0	0	0	0
8	12	144.6	4.3	4	111.48053975228042	0.04683122013662492	0.0004521576422237642	0	0	0	0	0	0	0	0
9	12	135.2	4.4	4	112.17982322724224	0.04280276485121122	0.0004890142789687232	0	0	0	0	0	0	0	0
10	11	120.3	4.3	4	172.30692112106107	0.04923402728490734	0.00045853758595034404	0	0	0	0	0	0	0	0
11	12	149.4	3.9	4	112.61285781440493	0.04925864749172335	0.000507233401441669	0	0	0	0	0	0	0	0
12	11	110	4.2	4	167.30120344611856	0.04612697078326645	0.0005268509422046846	0	0	0	0	0	0	0	0
13	11	22.3	4.3	4	172.46551276635077	0.04399775116160138	0.0004884376204901831	0	0	0	0	0	0	0	0
14	11	113.1	3.8	4	159.71047066838565	0.04327232426271018	0.0004700782114423436	0	0	0	0	0	0	0	0
15	12	31.6	4	4	110.01517094933182	0.04740550742413322	0.00046031999872326413	0	0	0	0	0	0	0	0
16	12	33.2	4	4	106.70764871109014	0.04838251012822618	0.0005459561631807692	0	0	0	0	0	0	0	0
17	11	115	3.9	4	173.4818713048944	0.04900523905074382	0.0004635533979794777	0	0	0	0	0	0	0	0
18	12	141.4	4	4	113.65047376005485	0.047251723541079885	0.0004976161876604033	0	0	0	0	0	0	0	0
19	11	105.8	3.7	4	160.87698582648898	0.045062295410142686	0.0005390081418492484	0	0	0	0	0	0	0	0
20	11	24.4	4.3	4	160.78950686907717	0.04645280796207933	0.0005031605233340406	0	0	0	0	0	0	0	0
21	11	23.8	3.8	4	149.65939089053035	0.04183073263783448	0.0005167610409963627	0	0	0	0	0	0	0	0
22	11	111.1	3.8	4	151.21384236325142	0.045595323205214144	0.0004692842286622853	0	0	0	0	0	0	0	0
23	13	21.4	4.2	4	96.57779893585644	0.044188371626989985	0.00038032859364806705	0	0	0	0	0	0	0	0
24	11	20.6	4	4	169.77453183691253	0.04485531626563363	0.00048474431843020105	0	0	0	0	0	0	0	0
25	11	101.7	4.2	4	155.0787385534976	0.045256516374266594	0.00047816823380559674	0	0	0	0	0	0	0	0
26	13	149.2	3.8	4	95.40105791855702	0.0414636227275662	0.0004487371992760841	0	0	0	0	0	0	0	0
27	13	141.1	4	4	108.7244422800183	0.044999389395010435	0.00039024395660916235	0	0	0	0	0	0	0	0
28	11	23.2	3.7	4	151.3972410963886	0.042359436659135136	0.0004537136051642657	0	0	0	0	0	0	0	0
29	11	24	4.3	4	144.37710466941215	0.04798528153217448	0.0004939604142442639	0	0	0	0	0	0	0	0
30	14	141.3	4.2	4	103.94034039169982	0.04266107678894089	0.0005264574258584321	0	0	0	0	0	0	0	0
31	14	140.1	4.2	4	113.861667703032	0.04375711506667886	0.00046178467118459246	0	0	0	0	0	0	0	0
32	11	23.7	3.7	4	174.05489041437195	0.04616303128096861	0.0004541983826694056	0	0	0	0	0	0	0	0
33	11	20.8	3.7	4	169.5193519414937	0.044316068749609736	0.00045742624634898064	0	0	0	0	0	0	0	0
34	11	23	4.2	4	172.41721021176772	0.04941408596454144	0.0004843177909415021	0	0	0	0	0	0	0	0
35	11	107	4.4	4	156.7406834464909	0.04732811934389275	0.000478113007820112	0	0	0	0	0	0	0	0
36	11	103.6	3.8	4	153.01253834105924	0.04588023088304781	0.0005163662894613956	0	0	0	0	0	0	0	0
37	11	118.2	3.7	4	173.08758817061954	0.046857882784547444	0.0004859818085203865	0	0	0	0	0	0	0	0
38	11	105.9	4.4	4	154.08523826252377	0.047113280651685484	0.00046299150048987345	0	0	0	0	0	0	0	0
39	11	118.7	4.3	4	161.86264048790076	0.04821452395402065	0.0005163245518123421	0	0	0	0	0	0	0	0
40	11	23.2	3.7	4	162.9583153920658	0.04249215222105619	0.0005195140302762033	0	0	0	0	0	0	0	0
41	11	21.1	4	4	166.65949842837585	0.04630077625205329	0.000499209171778703	0	0	0	0	0	0	0	0
42	11	106.2	4.3	4	153.91513643691434	0.0444497346118894	0.0005359430922581041	0	0	0	0	0	0	0	0
43	12	138.8	4.3	4	101.7772075705454	0.048719145910226705	0.0005071474944435266	0	0	0	0	0	0	0	0
44	12	33.9	3.7	4	98.04401231292107	0.04496147540556068	0.0005327811042464555	0	0	0	0	0	0	0	0
45	11	108	3.7	4	163.63649761338922	0.04351247367095542	0.0005051125753311329	0	0	0	0	0	0	0	0
46	12	32.1	3.6	4	114.75488453654107	0.048850011021583005	0.0004805839216734091	0	0	0	0	0	0	0	0
47	11	20.5	4.4	4	168.20772125360725	0.04225036490752885	0.0004887140762722947	0	0	0	0	0	0	0	0
48	11	20.7	4.3	4	168.62964835948802	0.04320267581614895	0.0005099687753662115	0	0	0	0	0	0	0	0
49	13	133	3.9	4	98.44299441782313	0.04850363039277119	0.00039527170038656704	0	0	0	0	0	0	0	0
50	11	24.1	3.7	4	170.29981495670808	0.04200771348264407	0.0005308739927292992	0	0	0	0	0	0	0	0
51	11	101.7	4	4	166.27708779503655	0.04626114456625567	0.0004504727937784118	0	0	0	0	0	0	0	0
52	11	112.8	4.3	4	152.71061315444243	0.0464434534573565	0.0004705954391540287	0	0	0	0	0	0	0	0
53	11	105	4.4	4	169.7837551484858	0.04883979864384245	0.0004994316245288114	0	0	0	0	0	0	0	0
54	4	225.8	73.2	6	120.97764980668897	0.028718147929194106	0.0026274512396611753	1	116.9	2982.13	3253.62	926.78	927.63	2570.1	2433.1
55	4	225.6	75.6	6	118.37925060465705	0.032630075517303264	0.002465177983026818	0.99	98.9	3589.34	3041.63	1055.18	1098.74	2394.3	2402.2
56	4	199.4	81.9	6	130.0616195703433	0.0304525794633344	0.0024850241401884313	1.06	116.6	3240	3046.49	954.62	1056.08	2545.1	2552.1
57	7	103.2	79.7	4	86.34944888377551	0.041786948462501555	0.0004793326566557453	0.95	50.3	0	0	997.61	0	1030.1	0
58	7	109.5	77.7	4	92.21190230281542	0.04166305166026037	0.0005110595014747713	0.96	48.6	0	0	1070.04	0	1009.5	0
59	7	100.4	77.4	4	85.67837790964248	0.04497073820224454	0.0005281369505416886	1	54	0	0	1078.17	0	940.6	0
60	7	107.4	72.6	4	81.09321764166737	0.04641774580403753	0.0005339622389600813	0.9	50.5	0	0	1033.5	0	1034.1	0
61	12	137.5	3.8	4	103.99388156166997	0.04512582374789563	0.0005498418126583817	0	0	0	0	0	0	0	0
62	11	118.8	4.2	4	170.32640893955246	0.04148146017461192	0.0005411311815383982	0	0	0	0	0	0	0	0
63	11	106.6	4.1	4	159.67466851545	0.040671988318185116	0.0005412701623292623	0	0	0	0	0	0	0	0
64	13	156.6	3.7	4	115.10050842047718	0.04271981331063193	0.00038387782711705716	0	0	0	0	0	0	0	0
65	11	113.1	4.2	4	165.00909960509495	0.04348270017284529	0.0005328842742628631	0	0	0	0	0	0	0	0
66	11	21.2	3.9	4	156.15417264498672	0.04068599253443148	0.00048183530628893623	0	0	0	0	0	0	0	0
67	13	21.5	4	4	110.05816323227482	0.044789264632582794	0.00044678442403130734	0	0	0	0	0	0	0	0
68	13	152.4	3.7	4	100.05455636656238	0.04377607582307552	0.0004143666913348873	0	0	0	0	0	0	0	0
69	11	24.1	4.3	4	152.59693920893145	0.041006424914839044	0.0005383883336090794	0	0	0	0	0	0	0	0
70	11	21.5	4.1	4	173.86855049741482	0.04072750916392191	0.0004957318034734311	0	0	0	0	0	0	0	0
71	14	154.1	4	4	114.47628012438011	0.047395768770331234	0.00047813347053206557	0	0	0	0	0	0	0	0
72	14	140	4	4	116.44900513978274	0.04356469909040361	0.0005417074346505179	0	0	0	0	0	0	0	0
73	11	20.5	4.2	4	156.3092716247789	0.048369551562206084	0.0004993073967290666	0	0	0	0	0	0	0	0
74	11	116.2	4.1	4	159.385547200296	0.04487102274149215	0.0004513178729639557	0	0	0	0	0	0	0	0
75	11	116.7	4.4	4	171.58624194561162	0.042192345678897986	0.00045917111117775236	0	0	0	0	0	0	0	0
76	11	21.3	4.2	4	154.70123724576848	0.04555240575380511	0.0005458428840015777	0	0	0	0	0	0	0	0
77	11	113.7	4.1	4	147.50591936381602	0.04524690984097565	0.0005196678218546773	0	0	0	0	0	0	0	0
78	11	111.2	4.1	4	163.0251589725097	0.047481811242931465	0.0005118152483683183	0	0	0	0	0	0	0	0
79	11	22.5	4.2	4	173.0019542623724	0.04417532102816428	0.000509852827489637	0	0	0	0	0	0	0	0
80	11	120.8	4.4	4	164.4282596716492	0.04273061812431103	0.00048170192733029357	0	0	0	0	0	0	0	0
81	11	100.8	3.8	4	146.7413615972559	0.04946653344708593	0.0005262802762082368	0	0	0	0	0	0	0	0
82	11	116.1	4.3	4	175.64893108628314	0.04758589378701927	0.0005138771401103383	0	0	0	0	0	0	0	0
83	11	23.7	3.8	4	145.51653160180481	0.04407483857493883	0.0004660284435122369	0	0	0	0	0	0	0	0
84	11	120.9	4.2	4	173.3046814660761	0.0445440265611264	0.0005445642237130009	0	0	0	0	0	0	0	0
85	11	21	4.3	4	159.42870015130114	0.04120210129054981	0.0005053475937900409	0	0	0	0	0	0	0	0
86	11	21.1	3.8	4	157.95683660684332	0.04675524835611007	0.0004545855732799725	0	0	0	0	0	0	0	0
87	11	110.3	3.6	4	175.80730432119677	0.046909377523963805	0.0005350925028461758	0	0	0	0	0	0	0	0
88	12	32.8	4	4	108.01406427378433	0.0456493995863375	0.0005279563070757037	0	0	0	0	0	0	0	0
89	12	128.7	4.2	4	114.89579529246258	0.04389292885460998	0.000530833493466758	0	0	0	0	0	0	0	0
90	11	107.5	4.1	4	171.77708539091384	0.04868645111298665	0.0005236557982036909	0	0	0	0	0	0	0	0
91	12	35.7	3.6	4	113.76039137174637	0.04649698058431765	0.000462860194143499	0	0	0	0	0	0	0	0
92	12	136	3.8	4	108.77226309329262	0.04335698877797493	0.0005234848847673336	0	0	0	0	0	0	0	0
93	11	103.4	3.7	4	163.93212179641932	0.046285017049223436	0.0004940508181884112	0	0	0	0	0	0	0	0
94	11	104.5	4.1	4	170.62846027400386	0.04906387275045172	0.0004938541541083612	0	0	0	0	0	0	0	0
95	11	104	4.4	4	159.035923531071	0.04700324239170358	0.0005133031952412423	0	0	0	0	0	0	0	0
96	11	22.9	3.8	4	155.7949245812099	0.042216132893423325	0.0004746668000797003	0	0	0	0	0	0	0	0
97	11	101.8	3.8	4	156.246008374332	0.04421672684827305	0.0005210384386104761	0	0	0	0	0	0	0	0
98	11	22	4	4	148.33782385315405	0.04129239689679368	0.0004906462712861095	0	0	0	0	0	0	0	0
99	11	108.9	3.9	4	168.75136221978028	0.04482053518151252	0.0005356869238546569	0	0	0	0	0	0	0	0
100	11	101.1	4.2	4	165.90356439036583	0.045840242586685995	0.00045847633336065736	0	0	0	0	0	0	0	0
101	11	24.1	3.8	4	174.49061496226153	0.041624873473270485	0.0004955352391813775	0	0	0	0	0	0	0	0
102	11	22.1	4.1	4	158.67208670163834	0.0489537718921227	0.0005086177746141328	0	0	0	0	0	0	0	0
103	11	102.6	4.2	4	146.93932129069003	0.044116618394583806	0.0004997752218957028	0	0	0	0	0	0	0	0
104	11	102.1	4.1	4	152.06381805827186	0.04701424399809875	0.0004761445469902347	0	0	0	0	0	0	0	0
105	11	24.1	4.2	4	148.2920104537791	0.04102805717560828	0.0004613733682327144	0	0	0	0	0	0	0	0
106	11	116.1	3.8	4	157.26819625389183	0.04942932613181627	0.0005270927449612354	0	0	0	0	0	0	0	0
107	12	142.1	3.9	4	96.40718670214416	0.0478603330090242	0.0004572654364215038	0	0	0	0	0	0	0	0
108	12	33.8	4.2	4	101.37453968696767	0.043381395549890685	0.0004680899304966123	0	0	0	0	0	0	0	0
109	11	99.9	3.9	4	146.8059760557629	0.042501074621382584	0.0005373984281899209	0	0	0	0	0	0	0	0
110	12	35.1	3.7	4	95.38700447220359	0.04472587503884329	0.00046359959603671687	0	0	0	0	0	0	0	0
111	11	107.1	3.6	4	174.65838988196026	0.04066041479368701	0.0005324190551850873	0	0	0	0	0	0	0	0
112	11	114.3	4	4	164.38619377433764	0.04150657512835145	0.00045443962601657376	0	0	0	0	0	0	0	0
113	11	111.2	4.1	4	166.76067568514475	0.04491654632713828	0.0005136053619549347	0	0	0	0	0	0	0	0
114	4	211.4	69.7	6	117.74209852743817	0.029822443892595297	0.002388633260073262	1.08	100.4	3382.88	3404.37	954.99	987.34	2559.7	2318.3
115	4	217.4	76.9	6	110.51440624165372	0.02891091307323846	0.002277292529114085	0.96	114.6	3545.48	3085.68	1029.19	1099.46	2733.3	2540.4
116	7	96.7	83.5	4	84.7777469383575	0.04134468322842461	0.000476323028449498	0.91	51.9	0	0	1008.41	0	1046	0
117	7	102.4	76.1	4	98.7575803270814	0.04558664915782798	0.00048145950513027403	0.94	48.4	0	0	998.24	0	960.2	0
118	7	107.6	78.4	4	89.77279990025337	0.04790389210359609	0.00048732312795044934	0.93	49.7	0	0	941.41	0	1073.3	0
